30 26
409 554 花间潭 1
643 557 桃花岛景观公园 1
723 558 桃源葫芦谷 1
894 563 卫生间 2
983 542 长腰山 1
966 500 文化村 1
959 613 景区入口 3
1018 657 沪宜高速出口 3
653 512 桃源山庄 1
680 398 惠民桃源 1
761 396 茶饮 1
732 509 休息区 1
496 467 柏林小径 1
544 397 温泉度假村 1
379 216 穷林亭 1
152 252 八相古杏 1
510 200 出口1 3
950 214 出口2 3
1081 217 狮子山 1
960 307 小阳山 1
883 484 翠竹 1
873 530 路口2 1
832 332 新石器遗址 1
249 327 朝阳禅寺 1
472 295 地质文化展示厅 1
106 329 安阳山 1
0 234.019 0 0 0 0 0 0 0 0 0 0 123.037 0 0 0 0 0 0 0 0 0 0 0 0 0 
234.019 0 80.0062 0 0 0 0 0 46.0977 0 0 0 0 0 0 0 0 0 0 0 0 0 0 0 0 0 
0 80.0062 0 171.073 0 0 0 0 0 0 0 49.8197 0 0 0 0 0 0 0 0 0 0 0 0 0 0 
0 0 171.073 0 91.444 95.6713 82.0061 0 0 0 0 0 0 0 0 0 0 0 0 0 0 0 0 0 0 0 
0 0 0 91.444 0 0 0 0 0 0 0 0 0 0 0 0 0 0 0 0 0 0 0 0 0 0 
0 0 0 95.6713 0 0 0 0 0 0 0 0 0 0 0 0 0 0 0 0 0 0 0 0 0 0 
0 0 0 82.0061 0 0 0 73.6003 0 0 0 0 0 0 0 0 0 0 0 0 0 0 0 0 0 0 
0 0 0 0 0 0 73.6003 0 0 0 0 0 0 0 0 0 0 0 0 0 0 0 0 0 0 0 
0 46.0977 0 0 0 0 0 0 0 117.154 0 79.0569 163.322 0 0 0 0 0 0 0 0 0 0 0 0 0 
0 0 0 0 0 0 0 0 117.154 0 81.0247 0 0 136.004 0 0 0 0 0 0 0 0 0 0 0 0 
0 0 0 0 0 0 0 0 0 81.0247 0 116.662 0 0 0 0 0 0 0 0 0 0 95.5877 0 0 0 
0 0 49.8197 0 0 0 0 0 79.0569 0 116.662 0 0 0 0 0 0 0 0 0 0 0 0 0 0 0 
123.037 0 0 0 0 0 0 0 163.322 0 0 0 0 84.8764 0 0 0 0 0 0 0 0 0 0 0 0 
0 0 0 0 0 0 0 0 0 136.004 0 0 84.8764 0 0 0 0 0 0 0 0 0 0 0 124.852 0 
0 0 0 0 0 0 0 0 0 0 0 0 0 0 0 229.837 136.682 0 0 0 0 0 0 0 122.025 0 
0 0 0 0 0 0 0 0 0 0 0 0 0 0 229.837 0 0 0 0 0 0 0 0 0 0 0 
0 0 0 0 0 0 0 0 0 0 0 0 0 0 136.682 0 0 441.553 0 0 0 0 0 0 0 0 
0 0 0 0 0 0 0 0 0 0 0 0 0 0 0 0 441.553 0 131.034 93.5361 0 0 0 0 0 0 
0 0 0 0 0 0 0 0 0 0 0 0 0 0 0 0 0 131.034 0 0 0 0 0 0 0 0 
0 0 0 0 0 0 0 0 0 0 0 0 0 0 0 0 0 93.5361 0 0 80.3617 0 0 0 0 0 
0 0 0 0 0 0 0 0 0 0 0 0 0 0 0 0 0 0 0 80.3617 0 47.0744 0 0 0 0 
0 0 0 0 0 0 0 0 0 0 0 0 0 0 0 0 0 0 0 0 47.0744 0 41.0488 0 0 0 
0 0 0 0 0 0 0 0 0 0 95.5877 0 0 0 0 0 0 0 0 0 0 41.0488 0 0 0 0 
0 0 0 0 0 0 0 0 0 0 0 0 0 0 0 0 0 0 0 0 0 0 0 0 225.284 143.014 
0 0 0 0 0 0 0 0 0 0 0 0 0 124.852 122.025 0 0 0 0 0 0 0 0 225.284 0 0 
0 0 0 0 0 0 0 0 0 0 0 0 0 0 0 0 0 0 0 0 0 0 0 143.014 0 0 
1 1 2 234.019
2 2 3 80.0062
3 3 4 171.073
4 4 6 95.6713
5 4 5 91.444
6 4 7 82.0061
7 7 8 73.6003
8 1 13 123.037
9 9 13 163.322
10 9 12 79.0569
11 11 12 116.662
12 9 10 117.154
13 13 14 84.8764
14 10 14 136.004
15 10 11 81.0247
16 11 23 95.5877
17 22 23 41.0488
18 21 22 47.0744
19 20 21 80.3617
20 18 20 93.5361
21 18 19 131.034
22 17 18 441.553
23 15 17 136.682
24 15 16 229.837
25 2 9 46.0977
26 3 12 49.8197
27 15 25 122.025
28 14 25 124.852
29 24 25 225.284
30 24 26 143.014
