26 22
981 463 出入口1 3
1096 460 入口处卫生间1 2
958 391 豪华商城 1
1099 382 桂花公园 1
905 262 吴宅 1
707 269 江苏巡抚衙门旧址 1
599 272 道前街 1
382 283 胥门 1
417 376 汤斌廉政文化展示馆 1
633 351 东桥巷 1
933 331 书院巷 1
658 417 无梁殿 1
691 473 无梁殿卫生间 2
819 466 东大街 1
795 409 苏州文庙 1
443 433 盘门 1
116 461 出入口卫生间2 2
31 298 大运河遗产展示馆 1
236 283 万年桥 1
178 561 出入口2 3
707 547 蟠龙桥 1
514 538 吴门桥 1
0 115.039 75.5844 0 0 0 0 0 0 0 0 0 0 162.028 0 0 0 0 0 0 0 0 
115.039 0 0 0 0 0 0 0 0 0 0 0 0 0 0 0 0 0 0 0 0 0 
75.5844 0 0 141.287 0 0 0 0 0 0 65 0 0 0 163.991 0 0 0 0 0 0 0 
0 0 141.287 0 0 0 0 0 0 0 0 0 0 0 0 0 0 0 0 0 0 0 
0 0 0 0 0 198.124 0 0 0 0 74.4648 0 0 0 0 0 0 0 0 0 0 0 
0 0 0 0 198.124 0 108.042 0 0 0 0 0 0 0 0 0 0 0 0 0 0 0 
0 0 0 0 0 108.042 0 217.279 0 86.0058 0 0 0 0 0 0 0 0 0 0 0 0 
0 0 0 0 0 0 217.279 0 99.368 0 0 0 0 0 0 0 0 0 146 0 0 0 
0 0 0 0 0 0 0 99.368 0 0 0 0 0 0 0 62.6498 0 0 0 0 0 0 
0 0 0 0 0 0 86.0058 0 0 0 0 70.5762 0 0 0 0 0 0 0 0 0 0 
0 0 65 0 74.4648 0 0 0 0 0 0 0 0 0 0 0 0 0 0 0 0 0 
0 0 0 0 0 0 0 0 0 70.5762 0 0 65 0 137.233 215.595 0 0 0 0 0 0 
0 0 0 0 0 0 0 0 0 0 0 65 0 128.191 0 0 0 0 0 0 75.71 0 
162.028 0 0 0 0 0 0 0 0 0 0 0 128.191 0 61.8466 0 0 0 0 0 0 0 
0 0 163.991 0 0 0 0 0 0 0 0 137.233 0 61.8466 0 0 0 0 0 0 0 0 
0 0 0 0 0 0 0 0 62.6498 0 0 215.595 0 0 0 0 328.197 0 0 0 0 126.752 
0 0 0 0 0 0 0 0 0 0 0 0 0 0 0 328.197 0 183.831 0 117.661 0 0 
0 0 0 0 0 0 0 0 0 0 0 0 0 0 0 0 183.831 0 205.548 0 0 0 
0 0 0 0 0 0 0 146 0 0 0 0 0 0 0 0 0 205.548 0 0 0 0 
0 0 0 0 0 0 0 0 0 0 0 0 0 0 0 0 117.661 0 0 0 0 0 
0 0 0 0 0 0 0 0 0 0 0 0 75.71 0 0 0 0 0 0 0 0 0 
0 0 0 0 0 0 0 0 0 0 0 0 0 0 0 126.752 0 0 0 0 0 0 
1 17 20 117.661
2 17 18 183.831
3 18 19 205.548
4 8 19 146
5 8 9 99.368
6 9 16 62.6498
7 16 17 328.197
8 12 16 215.595
9 10 12 70.5762
10 7 10 86.0058
11 7 8 217.279
12 6 7 108.042
13 5 6 198.124
14 5 11 74.4648
15 3 11 65
16 1 3 75.5844
17 3 4 141.287
18 3 15 163.991
19 12 15 137.233
20 12 13 65
21 13 21 75.71
22 13 14 128.191
23 14 15 61.8466
24 1 14 162.028
25 1 2 115.039
26 16 22 126.752
D:/keshe/tour/2.png
