27 22
706 641 南大门 3
805 646 入口 3
941 618 停车场 1
890 571 阳光餐厅 1
707 591 游客服务中心卫生间 2
722 527 阳光生命体验馆 1
910 479 儿童游乐场 1
869 345 养心亭 1
848 150 北大门 3
660 203 亲和源颐养院 1
459 314 文化长廊 1
293 314 门球场 1
223 620 和亭 1
273 446 芬芳满园 1
470 476 紫藤长廊 1
344 630 亲源 1
648 512 神龟石 1
590 574 纪念品中心 1
435 557 春色满园 1
477 413 文化艺术馆 1
667 399 渔趣石 1
696 300 卫生间 2
0 99.1262 0 0 50.01 0 0 0 0 0 0 0 0 0 0 362.167 0 0 0 0 0 0 
99.1262 0 138.852 113.358 0 0 0 0 0 0 0 0 0 0 0 0 0 0 0 0 0 0 
0 138.852 0 0 0 0 0 0 0 0 0 0 0 0 0 0 0 0 0 0 0 0 
0 113.358 0 0 0 0 94.1488 0 0 0 0 0 0 0 0 0 0 0 0 0 0 0 
50.01 0 0 0 0 65.7343 0 0 0 0 0 0 0 0 0 0 0 118.229 0 0 0 0 
0 0 0 0 65.7343 0 0 0 0 0 0 0 0 0 0 0 75.505 0 0 0 0 0 
0 0 0 94.1488 0 0 0 140.132 0 0 0 0 0 0 0 0 0 0 0 0 0 0 
0 0 0 0 0 0 140.132 0 166.331 0 0 0 0 0 0 0 0 0 0 0 0 0 
0 0 0 0 0 0 0 166.331 0 189.402 0 0 0 0 0 0 0 0 0 0 0 0 
0 0 0 0 0 0 0 0 189.402 0 229.613 0 0 0 0 0 0 0 0 0 0 103.465 
0 0 0 0 0 0 0 0 0 229.613 0 166 0 0 0 0 0 0 0 100.623 0 237.413 
0 0 0 0 0 0 0 0 0 0 166 0 0 133.507 0 0 0 0 0 0 0 0 
0 0 0 0 0 0 0 0 0 0 0 0 0 181.041 0 121.413 0 0 0 0 0 0 
0 0 0 0 0 0 0 0 0 0 0 133.507 181.041 0 0 0 0 0 0 0 0 0 
0 0 0 0 0 0 0 0 0 0 0 0 0 0 0 0 0 0 88.2383 63.3877 0 0 
362.167 0 0 0 0 0 0 0 0 0 0 0 121.413 0 0 0 0 0 116.662 0 0 0 
0 0 0 0 0 75.505 0 0 0 0 0 0 0 0 0 0 0 84.8999 0 0 114.586 0 
0 0 0 0 118.229 0 0 0 0 0 0 0 0 0 0 0 84.8999 0 155.929 0 0 0 
0 0 0 0 0 0 0 0 0 0 0 0 0 0 88.2383 116.662 0 155.929 0 0 0 0 
0 0 0 0 0 0 0 0 0 0 100.623 0 0 0 63.3877 0 0 0 0 0 0 0 
0 0 0 0 0 0 0 0 0 0 0 0 0 0 0 0 114.586 0 0 0 0 103.16 
0 0 0 0 0 0 0 0 0 103.465 237.413 0 0 0 0 0 0 0 0 0 103.16 0 
1 12 14 133.507
2 1 2 99.1262
3 2 3 138.852
4 2 4 113.358
5 4 7 94.1488
6 7 8 140.132
7 8 9 166.331
8 9 10 189.402
9 10 11 229.613
10 11 12 166
11 13 14 181.041
12 13 16 121.413
13 1 16 362.167
14 16 19 116.662
15 15 19 88.2383
16 15 20 63.3877
17 11 20 100.623
18 18 19 155.929
19 17 18 84.8999
20 17 21 114.586
21 21 22 103.16
22 10 22 103.465
23 1 5 50.01
24 5 6 65.7343
25 6 17 75.505
26 5 18 118.229
27 11 22 237.413
D:/keshe/tour/Home_Work/white_Background.png
